   -0.42361293
   -0.01771056
    0.26373981
   -0.47226278
   -0.17922115
    0.00419235
    0.26829178
   -0.48368236
   -0.03207180
   -0.07513013
   -0.12015772
   -0.12250454
   -0.16662926
    0.00962331
    0.27789599
   -0.43441473
   -0.02295504
   -0.11723740
   -0.12178985
   -0.19581743
    0.01660190
    0.27923069
   -0.47563411
   -0.08375930
   -0.12383250
    0.35639833
   -0.37286537
   -0.44480373
   -0.18486977
    0.02368175
    0.27177062
   -0.46065706
   -0.06455548
   -0.10126154
    0.28260196
   -0.45444005
   -0.28175070
   -0.19503748
    0.03660771
    0.26108670
   -0.45737955
   -0.02350658
   -0.09249609
   -0.16024446
    0.01197323
    0.26684928
   -0.43694565
   -0.00460670
   -0.26031968
   -0.17486356
   -0.00036910
    0.27253119
   -0.42679012
    0.09801408
   -0.46295455
   -0.12935558
   -0.15992314
    0.00456047
    0.26318163
   -0.40510807
    0.06625098
   -0.45156839
   -0.18178229
    0.00040767
    0.27128913
   -0.45695161
   -0.02729139
   -0.06759520
   -0.11693471
   -0.11201681
   -0.18036985
    0.02542096
    0.26023831
   -0.45214633
   -0.02081230
   -0.10694908
   -0.16480553
    0.00914382
    0.25687711
   -0.45937138
    0.07013568
   -0.44991088
   -0.19988584
    0.01775942
    0.27079916
   -0.45418992
   -0.08036436
   -0.01488189
   -0.12045077
   -0.12156913
   -0.20140023
    0.02777742
    0.26294663
   -0.44338172
   -0.07950398
   -0.00603866
   -0.04982221
   -0.04838197
   -0.06114629
   -0.05297857
    0.15229280
   -0.42729263
   -0.17606380
    0.02779434
    0.26331709
   -0.46840746
   -0.03415465
   -0.08344267
    0.29084956
   -0.45776912
   -0.26265743
   -0.17641644
    0.02341500
    0.26863957
   -0.48433554
   -0.07874234
   -0.01786844
   -0.11924406
   -0.12509997
   -0.15996543
    0.02375628
    0.26369643
   -0.45975199
   -0.07532307
   -0.12070410
    0.36063886
   -0.29018284
   -0.44146158
   -0.17026166
    0.02605496
    0.26003915
   -0.47534655
   -0.09999816
    0.27914950
   -0.43935473
   -0.25772359
   -0.16507772
    0.03102455
    0.26855919
   -0.51514188
   -0.07697805
    0.00381877
   -0.04516477
   -0.04348238
   -0.07864052
   -0.06637046
    0.14373296
   -0.41748526
   -0.12479168
    0.02449210
    0.27922417
   -0.41791812
   -0.00384723
   -0.28196521
   -0.16713725
    0.00667651
    0.37076196
   -0.40738287
   -0.11556013
    0.27124291
   -0.44401860
   -0.25586647
   -0.29595582
    0.15088720
    0.23774560
    0.07469864
    0.01844342
    0.18889702
    0.11212901
    0.06324424
    0.06130523
    0.05168918
    0.04551371
    0.02647543
    0.06425068
    0.06016464
    0.04036793
    0.04350802
    0.18682380
    0.08156134
    0.04523696
    0.05145982
    0.04924419
    0.06091358
    0.05191772
    0.05828820
    0.03668715
    0.18861593
    0.09045730
    0.07461262
    0.05629109
    0.08620071
    0.09826740
    0.39986036
    0.22250929
    0.07549579
    0.07519736
    0.06542195
    0.06891662
    0.07040871
    0.19137337
    0.21497972
    0.21395759
    0.08134158
    0.07298032
    0.07356115
    0.18898144
    0.09668067
    0.06622095
    0.06286314
    0.22030706
    0.10335951
    0.07261496
    0.29014875
    0.05066827
    0.05822428
    0.05286886
    0.20180881
    0.09945399
    0.03533954
    0.07262057
    0.29611463
    0.19149166
    0.10497781
    0.03609652
    0.02844260
    0.04198924
    0.05353755
    0.05947222
    0.04639169
    0.03302543
    0.03876387
    0.04784135
    0.21070436
    0.09792261
    0.06121463
    0.07253262
    0.22724186
    0.09397562
    0.02995167
    0.08340714
    0.28750137
    0.18953738
    0.09993391
    0.04034267
    0.07586138
    0.02762949
    0.05039218
    0.04061914
    0.05495838
    0.04831192
    0.05407458
    0.04190120
    0.18795815
    0.08623475
    0.05463494
    0.07888486
    0.05102893
    0.03348157
    0.06349209
    0.07050553
    0.30197080
    0.18706077
    0.10195663
    0.08854978
    0.07595963
    0.19379737
    0.20930986
    0.20352196
    0.08995443
    0.06650881
    0.05179402
    0.04020879
    0.04568031
    0.03174990
    0.05031646
    0.04370706
    0.05587533
    0.03624639
    0.20165606
    0.09793230
    0.06694355
    0.08329657
    0.07974880
    0.04187519
    0.34731323
    0.20497645
    0.11251768
    0.09236323
    0.06833570
    0.19378222
    0.18753731
    0.21204846
    0.10353835
    0.07121363
    0.06737588
    0.04929985
    0.05911210
    0.03158972
    0.04925377
    0.29584044
    0.21352922
    0.07063402
    0.07496664
    0.05428906
    0.18757440
    0.07020003
    0.07854290
    0.10393498
    0.19967168
    0.20413769
    0.35672613
    0.16523442
    0.16572399
