   -0.39164377
   -0.00751860
    0.31476441
   -0.49911855
   -0.33252378
    0.02082818
    0.28535665
   -0.49542444
   -0.03208437
   -0.05651564
   -0.07691629
   -0.08330368
   -0.31327994
    0.02673583
    0.31592326
   -0.47162536
   -0.02993502
   -0.08879715
   -0.07707004
   -0.29673534
    0.01271851
    0.33184639
   -0.52728134
   -0.05536033
   -0.08959802
    0.41080734
   -0.57989741
   -0.52059926
   -0.32340569
    0.02741860
    0.30926625
   -0.48465879
   -0.05473284
   -0.07650256
    0.33946058
   -0.48068402
   -0.53741790
   -0.31170018
    0.03091536
    0.31766424
   -0.47468758
   -0.04284081
   -0.06377515
   -0.29172494
    0.02957336
    0.32154844
   -0.43448234
   -0.04415283
   -0.01846974
   -0.34249355
    0.02545461
    0.31565700
   -0.43450525
    0.07083798
   -0.48347004
   -0.08581407
   -0.26477064
    0.02554341
    0.30392295
   -0.45613703
    0.04789719
   -0.46805810
   -0.27112891
    0.01655637
    0.30834253
   -0.50022428
   -0.02546675
   -0.05829997
   -0.08215713
   -0.08008141
   -0.30836890
    0.02946557
    0.29981646
   -0.48277167
   -0.04416978
   -0.00277350
   -0.28789994
    0.02520541
    0.29064550
   -0.48633442
    0.04471132
   -0.46138621
   -0.32245886
    0.02414775
    0.30426641
   -0.51080217
   -0.05384006
   -0.03087320
   -0.08005257
   -0.07966657
   -0.32424794
    0.01848184
    0.29577197
   -0.48332545
   -0.05647428
   -0.00223035
   -0.03366297
   -0.03400339
   -0.04092824
   -0.04092692
    0.12098551
   -0.49499557
   -0.28377049
    0.02795878
    0.30344823
   -0.49221577
   -0.02293174
   -0.04523110
    0.34902134
   -0.50277344
   -0.52508955
   -0.31259305
    0.02758391
    0.31172583
   -0.50914726
   -0.05836157
   -0.03564594
   -0.07773524
   -0.07686134
   -0.33353518
    0.03472554
    0.29447449
   -0.45137550
   -0.06150820
   -0.08777907
    0.43246818
   -0.53832684
   -0.47493475
   -0.29116624
    0.02416950
    0.31084691
   -0.41958490
   -0.06943216
    0.35008582
   -0.42425467
   -0.50697763
   -0.31217864
    0.02799253
    0.30957053
   -0.47529266
   -0.05423364
    0.00739598
   -0.02836679
   -0.03454070
   -0.03089123
   -0.04098727
    0.14388560
   -0.50048934
   -0.27211616
    0.02831313
    0.33301194
   -0.46025907
   -0.05195599
   -0.01846784
   -0.32030895
    0.01252398
    0.45215089
   -0.52646468
   -0.07513724
    0.31975898
   -0.49978182
   -0.53204346
   -0.54470995
   -0.38349054
    0.02685847
    0.29225326
   -0.46665592
   -0.05610482
   -0.01006462
   -0.03488617
   -0.03859520
   -0.03299581
   -0.03478584
   -0.03366872
   -0.30350999
    0.01900129
    0.30529446
   -0.50249419
   -0.02551805
   -0.08294783
   -0.08266290
   -0.27969289
    0.03056520
    0.29891194
   -0.46779939
   -0.06660507
    0.34210729
   -0.47923387
   -0.53943030
   -0.28585994
   -0.12316894
    0.30174525
   -0.48545044
    0.28317819
   -0.07390560
   -0.07024889
    0.24803124
    0.26336478
   -0.47220971
   -0.45070563
   -0.49401444
   -0.52834103
   -0.31126040
    0.02075735
    0.29835476
   -0.47326996
   -0.05121068
    0.07587599
   -0.28375213
    0.03842017
    0.11781750
   -0.12696062
   -0.31260584
    0.02748052
    0.28556177
   -0.48636200
   -0.04750895
   -0.03070272
   -0.08034630
   -0.08620848
   -0.29696863
    0.02346239
    0.30858366
   -0.49130574
   -0.04813560
    0.03171646
   -0.29632088
   -0.01001835
    0.30775852
   -0.47172921
   -0.32341974
    0.02700796
    0.34560472
   -0.51630607
    0.05162639
   -0.45956251
   -0.32566370
    0.03552582
    0.31104426
   -0.49969980
   -0.06030341
    0.08470979
   -0.24882278
    0.01778130
    0.11439322
   -0.15756678
   -0.32689644
    0.02534892
    0.31033561
   -0.51394089
   -0.06551363
   -0.02783004
   -0.08067484
   -0.09122059
   -0.28658761
   -0.24885438
    0.34996064
   -0.51508786
   -0.22999788
   -0.05075641
   -0.05798272
   -0.04512501
   -0.03557535
   -0.34335194
    0.03455892
    0.30483053
   -0.49970886
   -0.05404493
   -0.08911055
    0.44598286
   -0.49818133
   -0.56528762
   -0.31296592
    0.03495880
    0.30753229
   -0.51422663
   -0.08226335
   -0.32974153
    0.03062477
    0.31831634
   -0.51133296
   -0.05910749
   -0.03044514
   -0.08138612
   -0.08024080
   -0.32943596
    0.03501368
    0.31476991
   -0.46987073
   -0.05735585
   -0.00139667
   -0.03236870
   -0.02472883
   -0.03687807
   -0.04376086
    0.13978500
   -0.50497700
   -0.31458116
    0.02648134
    0.31787271
   -0.45735878
   -0.05597332
   -0.02848785
   -0.08469096
   -0.08259256
   -0.32529282
    0.02407965
    0.32610501
   -0.45839866
   -0.02589322
   -0.08831075
   -0.08064162
   -0.31940512
    0.02645371
    0.29953021
   -0.48990318
   -0.05134917
   -0.01591595
   -0.25898810
   -0.00252582
    0.32649157
   -0.47215584
   -0.31649992
    0.01905281
    0.30163245
   -0.50947229
   -0.01558878
   -0.08673803
   -0.08558747
    0.43742280
    0.43421048
   -0.53014402
   -0.44447791
   -0.44127659
   -0.52532564
   -0.33923123
    0.03933822
    0.30393353
   -0.47706756
   -0.06358717
   -0.05633548
    0.07436687
   -0.37821109
   -0.32211533
    0.29910025
    0.02621363
   -0.42920102
   -0.14372485
   -0.29906445
    0.31516765
   -0.30558948
   -0.00588202
    0.28705150
   -0.50335345
   -0.31657478
    0.02242047
    0.29951521
   -0.51047359
   -0.04975016
    0.00106561
   -0.03073305
   -0.03781681
   -0.03517581
   -0.03557741
   -0.03430046
   -0.32160648
    0.02559885
    0.31680452
   -0.47489949
   -0.05464136
   -0.01247754
   -0.04650397
   -0.03876476
   -0.04518441
   -0.03995828
   -0.04147754
   -0.33508204
    0.03431823
    0.26761203
   -0.50623226
   -0.05149994
   -0.01036247
   -0.04297258
   -0.03574857
   -0.04453087
   -0.05740166
    0.12581518
   -0.51838545
   -0.17668417
   -0.48611674
    0.27228764
   -0.48085639
   -0.66728708
   -0.42534461
   -1.14892995
    0.50400134
   -0.47532890
   -0.19169254
    0.01719563
    0.31736082
   -0.45521522
   -0.04537304
   -0.05460288
   -0.00532463
   -0.30267563
    0.02663087
    0.30826063
   -0.41004376
   -0.06119359
   -0.06335806
   -0.05386326
    0.00826859
   -0.42366857
   -0.30776267
    0.00379343
    0.42768763
   -0.50917280
   -0.06691428
   -0.50927453
   -0.41510231
    0.00136865
    0.29483320
   -0.49858299
   -0.32815030
    0.01883253
    0.30289029
   -0.51025430
   -0.02549429
   -0.05975099
   -0.07820603
   -0.07668532
   -0.30992789
    0.02377253
    0.30984394
   -0.51182676
   -0.03268759
   -0.08534711
   -0.07561959
   -0.30918485
    0.02545116
    0.31317848
   -0.49249478
   -0.05665699
   -0.08513965
    0.42161454
   -0.46139085
   -0.53047923
   -0.31495938
    0.02435935
    0.30856854
   -0.45682799
   -0.05307275
   -0.07031143
    0.34163564
   -0.47705513
   -0.55070568
   -0.31065868
    0.01530171
    0.31902008
   -0.48100464
   -0.03834368
   -0.06524681
   -0.29194998
    0.02598282
    0.33112690
   -0.44168212
   -0.05087708
   -0.03044681
   -0.28883037
    0.02264439
    0.30818041
   -0.46378551
    0.06614826
   -0.46475519
   -0.09038348
   -0.27211881
    0.02518657
    0.31323650
   -0.42541133
    0.02790698
   -0.46357206
   -0.29475482
    0.02717529
    0.29930277
   -0.44535926
   -0.02597544
   -0.05897013
   -0.08293647
   -0.08146696
   -0.30916624
    0.02857313
    0.30716898
   -0.46603001
   -0.04484391
    0.01378018
   -0.29779956
    0.02877558
    0.32033910
   -0.48345739
    0.05688460
   -0.48257792
   -0.32942722
    0.02776286
    0.29971023
   -0.49875604
   -0.05340421
   -0.03259638
   -0.07551607
   -0.07827989
   -0.30670216
    0.02347394
    0.31368585
   -0.47407089
   -0.05716825
   -0.00024485
   -0.03482502
   -0.03411782
   -0.02920561
   -0.04733904
    0.13008550
   -0.50597119
   -0.30964884
    0.03226944
    0.32658770
   -0.48886501
   -0.02367162
   -0.05510853
    0.33863165
   -0.49811617
   -0.51400361
   -0.32380030
    0.02806382
    0.30341783
   -0.50406223
   -0.05526602
   -0.03322240
   -0.07566025
   -0.07598839
   -0.32189113
    0.03530476
    0.31351069
   -0.44562047
   -0.06129928
   -0.08247265
    0.48539312
   -0.50965293
   -0.51730277
   -0.31893775
    0.03241999
    0.30916828
   -0.47242471
   -0.07710633
    0.37807814
   -0.46507939
   -0.55837854
   -0.32050833
    0.03170611
    0.30625636
   -0.50195784
   -0.05480619
   -0.00259753
   -0.03821748
   -0.03634726
   -0.05026231
   -0.03979256
    0.12956661
   -0.51876175
   -0.28704816
    0.03449818
    0.32556349
   -0.43553755
   -0.05237479
   -0.03153968
   -0.27562920
    0.01172773
    0.45509204
   -0.46221170
   -0.07517874
    0.34651166
   -0.49741869
   -0.56495797
   -0.52107691
   -0.39461210
    0.03141914
    0.27644581
   -0.46476293
   -0.05806879
   -0.00904872
   -0.03975162
   -0.03638972
   -0.03896375
   -0.03757614
   -0.03642958
   -0.28718233
    0.01887695
    0.29534460
   -0.50514966
   -0.02611313
   -0.08182556
   -0.08051037
   -0.30808474
    0.02763271
    0.29759405
   -0.47589224
   -0.06651350
    0.35400582
   -0.46593315
   -0.54448581
   -0.32764666
    0.03215707
    0.27152202
   -0.47346075
   -0.04109346
   -0.07362393
    0.36199283
   -0.49016305
   -0.55954627
   -0.31234967
    0.02218303
    0.30994237
   -0.47413596
   -0.05812200
    0.05287936
   -0.10943647
    0.02523404
    0.12078758
   -0.25149423
   -0.33744067
    0.02832468
    0.29871853
   -0.50393828
   -0.04897370
   -0.02955271
   -0.08259719
   -0.08452566
   -0.31431254
    0.02759354
    0.31385064
   -0.50353977
   -0.04538175
    0.00715819
   -0.32024266
   -0.00651893
    0.31648700
   -0.49943401
   -0.31604505
    0.02781353
    0.32259790
   -0.50371954
    0.05161666
   -0.44704515
   -0.30101314
    0.02542847
    0.31287857
   -0.50425598
   -0.05586847
    0.08464616
   -0.25481603
    0.01839817
    0.11608506
   -0.17889338
   -0.31896097
    0.02876417
    0.30171298
   -0.51259421
   -0.06609580
   -0.02783496
   -0.08089622
   -0.08257832
   -0.32235579
    0.02159796
    0.29077407
   -0.50036259
   -0.02356354
   -0.07932444
   -0.08506549
   -0.32116547
    0.02568082
    0.30570670
   -0.48451887
   -0.05015869
   -0.09825801
    0.45678896
   -0.54580779
   -0.52135454
   -0.30900221
    0.02661047
    0.31021904
   -0.51248444
   -0.08374714
   -0.32303815
    0.02967052
    0.31815050
   -0.50737205
   -0.05863124
   -0.03153319
   -0.07865439
   -0.08142019
   -0.32851837
    0.03066039
    0.32682514
   -0.50997424
   -0.05955130
   -0.00358177
   -0.03298623
   -0.03027891
   -0.04061656
   -0.04268963
    0.12317358
   -0.49082969
   -0.33172469
    0.03199482
    0.30097281
   -0.44952743
   -0.05633306
   -0.03509853
   -0.07711285
   -0.07631899
   -0.31713298
    0.02580539
    0.30781356
   -0.49341508
   -0.02794793
   -0.08550777
   -0.07885339
   -0.31747118
    0.03052633
    0.30797132
   -0.49057240
   -0.05385404
   -0.01493694
   -0.32481666
    0.00068769
    0.30957152
   -0.46913302
   -0.32434914
    0.02346949
    0.29650107
   -0.43989577
   -0.05958268
   -0.07812669
    0.40497051
   -0.54568739
   -0.49170446
   -0.31865408
    0.01759536
    0.31834523
   -0.50754418
   -0.05524422
   -0.05978569
    0.08348523
   -0.35258483
   -0.06619913
    0.29989583
   -0.06030568
   -0.38081184
   -0.07577603
   -0.14438253
   -0.50110761
   -0.29001251
   -0.00319355
    0.32321963
   -0.50708716
   -0.32305535
    0.02501156
    0.31528402
   -0.50153904
   -0.05421199
    0.00319929
   -0.03537809
   -0.03703089
   -0.02891613
   -0.03224663
   -0.03269257
   -0.32036355
    0.02801816
    0.31224160
   -0.48483044
   -0.04888434
    0.01430366
   -0.02100456
   -0.02660385
   -0.02895133
   -0.01992618
   -0.02810118
   -0.34415725
    0.03194805
    0.29235510
   -0.49933572
   -0.05277211
   -0.01032376
   -0.03770529
   -0.03935408
   -0.04982385
   -0.04785644
    0.12140949
   -0.50395033
   -0.32286271
    0.02974819
    0.27842470
   -0.49738388
    0.08662568
   -0.45805897
   -0.08966372
   -0.24410100
    0.02172107
    0.30550383
   -0.45852229
   -0.04418118
   -0.05132623
   -0.01004891
   -0.32243988
    0.01886398
    0.31535995
   -0.45018012
   -0.01633858
   -0.02624959
   -0.02908316
   -0.05572957
   -0.05409342
    0.00192599
    0.00652666
   -0.42267461
   -0.42516747
   -0.31937528
    0.01315190
    0.44823481
   -0.54339290
   -0.09058798
   -0.46564594
    0.16294047
    0.11917091
   -0.61961239
   -0.58749906
   -0.62669416
   -0.61032205
   -0.22834138
   -0.62554022
   -0.63621733
   -0.62601571
   -0.65973624
   -0.60240099
   -0.62615214
   -0.63469009
   -0.60881931
   -0.35935519
   -0.63515353
   -0.63499212
   -0.62731766
   -0.58597853
   -0.39249155
   -0.61475164
   -0.60483077
   -0.62118801
   -0.62009526
   -0.62713032
   -0.60004471
   -0.61572330
   -0.63768597
   -0.60502951
   -0.63443559
   -0.64539824
   -0.63540746
   -0.64401948
   -0.61455224
   -0.63933555
   -0.65079136
   -0.60574145
   -0.27594385
   -0.21488453
   -0.55824143
   -0.64372374
   -0.56832260
   -0.61657536
   -0.47453353
   -0.46000480
   -0.68013009
   -0.44413655
   -0.37968048
   -0.56921260
   -0.38234860
   -0.27408860
   -0.62828472
   -0.65112289
   -0.51076594
   -0.41409260
   -0.63852298
   -0.66849013
   -0.64416649
   -0.66653834
   -0.61692631
   -0.62274626
   -0.60689104
   -0.40812527
   -0.63328136
   -0.61035096
   -0.63025874
   -0.65968359
   -0.62404060
   -0.62383736
   -0.62569119
   -0.63488800
   -0.62247623
   -0.63307138
   -0.61120945
   -0.62849162
   -0.62030039
   -0.63962851
   -0.39894836
   -0.62474504
   -0.58671559
   -0.47957515
   -0.61446926
   -0.61239815
   -0.60142271
   -0.62969877
   -0.61978164
   -0.61077596
   -0.63996728
   -0.63781338
   -0.64967099
   -0.64513964
   -0.67000551
   -0.65670913
   -0.60849629
   -0.64228310
   -0.64231760
   -0.66149220
   -0.65734554
   -0.62872761
   -0.62022224
   -0.60814518
   -0.60708559
   -0.61792819
   -0.65645593
   -0.63972444
   -0.58991304
   -0.61460238
   -0.64186526
   -0.61482381
   -0.62455913
   -0.62192840
   -0.64010435
   -0.54877751
   -0.64841913
   -0.66873599
   -0.63075388
   -0.44166781
   -0.63415521
   -0.65192954
   -0.59837246
   -0.23649261
   -0.24604628
   -0.60993795
   -0.14696616
   -0.63362665
   -0.47512016
   -0.60025075
   -0.60889064
   -0.62668242
   -0.63448427
   -0.54103953
   -0.66542356
   -0.54301276
   -0.60956576
   -0.61578310
   -0.61276670
   -0.57253883
   -0.64446032
   -0.34609006
   -0.54458516
   -0.36624995
   -0.64314873
   -0.34416073
   -0.64915026
   -0.42058032
   -0.39944452
   -0.63677733
   -0.61789560
   -0.34119232
   -0.10315532
   -0.57343364
   -0.64540860
   -0.61024400
   -0.37377029
   -0.65023050
   -0.40100653
   -0.63236875
   -0.64759409
   -0.65799657
   -0.25859301
   -0.65187708
   -0.39024663
   -0.66689593
   -0.62360277
   -0.64526045
   -0.43586427
   -0.49449110
   -0.38716873
   -0.63262224
   -0.42085525
   -0.63532263
   -0.60523226
   -0.59829598
   -0.59857951
   -0.59130522
   -0.59110645
   -0.59644649
   -0.36221835
   -0.62700916
   -0.65427789
   -0.64099888
   -0.71706174
   -0.59305973
   -0.65718613
   -0.61954217
   -0.38635729
   -0.60618827
   -0.57385572
   -0.40113805
   -0.36865280
   -0.62701983
   -0.61065029
   -0.64016178
   -0.67722534
   -0.63926193
   -0.65636872
   -0.66819151
   -0.65410464
   -0.37944477
   -0.59044615
   -0.62822352
   -0.32187424
   -0.57173778
   -0.56586728
   -0.57744862
   -0.57007808
   -0.64691576
   -0.59675770
   -0.63106200
   -0.64271407
   -0.60819941
   -0.60436474
   -0.53825790
   -0.62835826
   -0.59674218
   -0.39829731
   -0.61444293
   -0.59859406
   -0.44031814
   -0.65040277
   -0.58524162
   -0.62941566
   -0.56836484
   -0.65390999
   -0.64904018
   -0.60405859
   -0.65768859
   -0.62100549
   -0.42223747
   -0.32200754
   -0.02132429
   -0.61947892
    0.02132429
   -0.40869458
   -0.65863793
   -0.55927457
   -0.57543791
   -0.47797710
   -0.62595092
   -0.36791191
   -0.38226452
   -0.63041310
   -0.55107747
   -0.58761148
   -0.63591376
   -0.40749181
   -0.60756164
   -0.59917447
   -0.64524103
   -0.62651005
   -0.64303462
   -0.60167909
   -0.62046763
   -0.62923970
   -0.66521814
   -0.60489339
   -0.58801519
   -0.61505289
   -0.66088491
   -0.62647891
   -0.59965454
   -0.60577115
   -0.63404447
   -0.38067537
   -0.58948994
   -0.63707519
   -0.60611515
   -0.59941116
   -0.70544408
   -0.64840628
   -0.63629462
   -0.60262401
   -0.30437098
   -0.10413320
   -0.61081403
   -0.51505361
   -0.66741501
   -0.41494783
   -0.65320971
   -0.63243794
   -0.62413712
   -0.63577653
   -0.30650814
   -0.64781782
   -0.60430674
   -0.53103285
   -0.27700063
   -0.41037279
   -0.61963620
   -0.62420083
   -0.62245126
   -0.60870559
   -0.17661147
   -0.61279202
   -0.63478518
   -0.62046862
   -0.61070944
   -0.38083190
   -0.62184729
   -0.38216692
   -0.57361191
   -0.62472237
   -0.65232563
   -0.58505623
   -0.60633899
   -0.66429853
   -0.63334525
   -0.61269778
   -0.63270269
   -0.40870543
   -0.63307658
   -0.64042864
   -0.60044030
   -0.62561066
   -0.62122007
   -0.61927567
   -0.61065220
   -0.60400425
   -0.35926265
   -0.53203282
   -0.65134263
   -0.64437480
   -0.58654016
   -0.63194154
   -0.62687065
   -0.63608346
   -0.63030101
   -0.64012247
   -0.62733039
   -0.63601648
   -0.38469133
   -0.64060169
   -0.62485205
   -0.31142301
   -0.61012912
   -0.38915298
   -0.60996798
   -0.60686675
   -0.62032696
   -0.61419450
   -0.64261581
   -0.58744733
   -0.63599498
   -0.58988739
   -0.63658604
   -0.64024835
   -0.63503686
   -0.63453622
   -0.61696631
   -0.61020290
   -0.64299658
    0.26846636
    0.17216442
    0.11605894
    0.12663618
    0.17075630
    0.09839672
    0.07881088
    0.07444653
    0.04116569
    0.05195409
    0.04084799
    0.05151391
    0.08432940
    0.06528131
    0.07343459
    0.14051596
    0.08510348
    0.08440072
    0.07613938
    0.12651428
    0.06188818
    0.04118105
    0.05879492
    0.05541581
    0.17724064
    0.14722025
    0.10135329
    0.07375868
    0.07504558
    0.14911936
    0.28456444
    0.22830653
    0.09298804
    0.12000248
    0.11783549
    0.10875819
    0.08305757
    0.27781548
    0.27891247
    0.23126773
    0.13139586
    0.10575200
    0.08328994
    0.20717839
    0.14216234
    0.11346046
    0.06704730
    0.24605796
    0.13856910
    0.09764941
    0.32570035
    0.10316951
    0.08042651
    0.04066432
    0.20495419
    0.12363447
    0.09647300
    0.11256687
    0.28198928
    0.14672450
    0.13773297
    0.06856212
    0.08243649
    0.06666475
    0.08831456
    0.08630425
    0.05348289
    0.04979751
    0.05948768
    0.04990097
    0.23220142
    0.12968196
    0.08651911
    0.09957101
    0.22495426
    0.12295300
    0.05924635
    0.13306557
    0.28641271
    0.13458065
    0.07800382
    0.05283221
    0.05586969
    0.05446967
    0.04329230
    0.04483989
    0.04573813
    0.03775726
    0.05425049
    0.06959312
    0.13254524
    0.08898839
    0.07504788
    0.06750943
    0.06653178
    0.06271520
    0.07517525
    0.08116753
    0.30230369
    0.15698930
    0.10990573
    0.08873408
    0.08664163
    0.22965365
    0.25181318
    0.20543672
    0.08158947
    0.05648226
    0.08747853
    0.09361924
    0.04495495
    0.04289147
    0.04392350
    0.03564306
    0.04875071
    0.05064856
    0.22013045
    0.09747075
    0.10369391
    0.11967753
    0.09434758
    0.08277581
    0.30748560
    0.23475009
    0.18472940
    0.13486732
    0.09851030
    0.26982064
    0.23106973
    0.22025163
    0.15481082
    0.10427630
    0.08416368
    0.12874580
    0.09647036
    0.09050975
    0.09242462
    0.37215545
    0.21693537
    0.11349196
    0.11623990
    0.07405347
    0.20067416
    0.09150238
    0.13669353
    0.13207130
    0.23203837
    0.24534527
    0.33155920
    0.17606415
    0.21767027
    0.05149059
    0.06391083
    0.04922837
    0.05583195
    0.05107870
    0.06440437
    0.05645143
    0.06099482
    0.13476813
    0.10041517
    0.07201353
    0.07027418
    0.06345646
    0.05559230
    0.05989240
    0.07400906
    0.09981745
    0.13671809
    0.14003206
    0.07150491
    0.07000266
    0.25545256
    0.21047666
    0.24794797
   -0.49712417
    0.05115293
    0.25797767
   -0.00987108
    0.39685550
    0.09686422
    0.04162496
    0.10320288
    0.01275794
    0.03389848
    0.24979234
    0.19484081
    0.21776515
    0.32565205
    0.14559439
    0.12221151
    0.09479280
    0.07703277
    0.17596932
    0.16683405
    0.08326192
    0.21451211
    0.09250764
    0.07468848
    0.06116838
    0.07150448
    0.04128497
    0.05332235
    0.04753228
    0.07242567
    0.04427427
    0.07473371
    0.15591007
    0.08729059
    0.06087569
    0.10812287
    0.14661828
    0.10327998
    0.09636076
    0.21598025
    0.08605205
    0.11745809
    0.07492323
    0.34469001
    0.20619765
    0.11360941
    0.07980615
    0.10414309
    0.10690453
    0.07514821
    0.22030547
    0.08503979
    0.11509711
    0.09852265
    0.05369210
    0.04561767
    0.06288618
    0.03891400
    0.11916886
    0.04957886
    0.08468289
    0.17222466
    0.09208882
    0.08355564
    0.27265093
    0.07258744
    0.03072760
    0.02917337
    0.01462223
    0.07023475
    0.01599814
   -0.03307056
    0.05261040
    0.14131636
    0.03706746
    0.09729571
    0.22225896
    0.10503028
    0.11423453
    0.09455024
    0.09821736
    0.12438451
    0.40537018
    0.20806018
    0.08708873
    0.07542507
    0.06199006
    0.04776553
    0.21903122
    0.08691347
    0.06366342
    0.08884158
    0.05612900
    0.05816788
    0.04528651
    0.05223115
    0.06291228
    0.04957901
    0.05559593
    0.22748863
    0.09589022
    0.05724111
    0.09787279
    0.06456826
    0.03811096
    0.08183008
    0.08219144
    0.29766522
    0.22200709
    0.10076939
    0.05878195
    0.08553233
    0.07150739
    0.04989599
    0.08288414
    0.06353129
    0.05520127
    0.05424337
    0.06357860
    0.23137602
    0.11849031
    0.08156724
    0.07512442
    0.09391953
    0.06847817
    0.04888207
    0.04877017
    0.08540839
    0.22812613
    0.12074293
    0.09822823
    0.10139689
    0.23069370
    0.11894214
    0.09343697
    0.12184312
    0.09341415
    0.08635414
    0.07471803
    0.11543891
    0.09604107
    0.06127394
    0.30748060
    0.29992064
    0.21475074
    0.09135804
    0.10816724
    0.09751117
    0.06791657
    0.06486400
    0.07144006
    0.27009030
    0.14050084
    0.08516892
    0.12915323
    0.06446861
    0.11744178
    0.29847605
    0.12931085
    0.13599813
    0.20960103
    0.08404125
   -0.00640180
    0.22900167
    0.11117542
    0.07005060
    0.20285737
    0.10876865
    0.09011209
    0.08326858
    0.04645604
    0.08604078
    0.03462984
    0.04004609
    0.04076555
    0.19025113
    0.09943056
    0.08439079
    0.07049703
    0.06059019
    0.08254288
    0.06398112
    0.07627017
    0.05957416
    0.22318867
    0.07535918
    0.08188525
    0.04871037
    0.04223798
    0.06489082
    0.08046364
    0.09452615
    0.33828983
    0.06616840
   -0.22241747
    0.13722272
    0.51184581
    0.69758598
    0.34078711
    0.13513304
   -0.07575967
    0.01912580
    1.05045544
    0.25096242
    0.15846546
    0.13065691
    0.04873771
   -0.00846781
    0.06591526
    0.08942922
    0.04926601
    0.11792732
    0.07326651
    0.07510766
    0.07620219
    0.21056118
    0.09788684
    0.10413076
    0.08842140
    0.08584874
    0.09573387
    0.04624805
    0.07930796
    0.04497044
    0.04609929
    0.21674976
    0.20221521
    0.14336685
    0.14945073
    0.26198980
    0.04191668
    0.01211680
    0.08919481
    0.24387998
    0.22843726
    0.07760117
    0.07633893
    0.09526912
    0.09863068
    0.03369704
    0.05264823
    0.06600447
    0.04891817
    0.04512567
    0.02988277
    0.03449297
    0.03110447
    0.03279202
    0.14225290
    0.09147773
    0.10134502
    0.05630778
    0.10441194
    0.07616732
    0.03761273
    0.05720410
    0.05066269
    0.18886506
    0.10122343
    0.08763458
    0.07134155
    0.10497645
    0.08001778
    0.28268181
    0.21373395
    0.12496152
    0.10405607
    0.08869096
    0.10075037
    0.10171509
    0.26600506
    0.27673730
    0.22864857
    0.15720508
    0.07740075
    0.08706364
    0.20899660
    0.15345935
    0.10134821
    0.10108786
    0.20755086
    0.11610181
    0.09118607
    0.29037394
    0.07849924
    0.07774401
    0.07699303
    0.20923844
    0.09781827
    0.08232520
    0.14934888
    0.27975756
    0.21337500
    0.13930149
    0.07110527
    0.07649587
    0.10285322
    0.08485527
    0.08488167
    0.05449062
    0.05405857
    0.05932785
    0.06918338
    0.22908366
    0.15982328
    0.12115840
    0.09843807
    0.18145358
    0.10853158
    0.05819970
    0.05465592
    0.31128768
    0.13623839
    0.08745161
    0.05404527
    0.05693085
    0.07457825
    0.03947327
    0.04005980
    0.02207297
    0.03566044
    0.04914377
    0.06820208
    0.14944190
    0.11665713
    0.08648805
    0.08208986
    0.08939979
    0.06072930
    0.07425889
    0.05925571
    0.28809311
    0.21635321
    0.13851283
    0.08798159
    0.09279712
    0.29140335
    0.25841177
    0.21725758
    0.08724454
    0.08059207
    0.05838521
    0.08714227
    0.04847983
    0.04338046
    0.04094501
    0.03619706
    0.04405419
    0.04766613
    0.21055091
    0.09784293
    0.14107051
    0.14374457
    0.08083361
    0.05819041
    0.28774104
    0.23624973
    0.11184274
    0.13511578
    0.10459036
    0.28209263
    0.24678876
    0.21165838
    0.11584787
    0.07378890
    0.10335499
    0.06694146
    0.07719540
    0.05928201
    0.09441426
    0.29620921
    0.22011629
    0.10657542
    0.10023307
    0.15377566
    0.20435846
    0.11741446
    0.06342536
    0.12511534
    0.28721769
    0.25250016
    0.31559197
    0.20381517
    0.17179326
    0.02096737
    0.06054320
    0.06858312
    0.02656733
    0.05391035
    0.04470842
    0.06305047
    0.04748720
    0.11856056
    0.09935364
    0.06637729
    0.06573299
    0.06647746
    0.05365301
    0.05842450
    0.06037603
    0.09170163
    0.14170629
    0.09371770
    0.08714004
    0.07696149
    0.26034577
    0.26210966
    0.22534908
    0.09346234
    0.07380843
    0.06963328
    0.09702788
    0.09599128
    0.19920411
    0.24895996
    0.14163296
    0.13829146
    0.08904501
    0.10795695
    0.05986935
    0.07206979
    0.13368502
    0.24420593
    0.08280832
    0.05183020
    0.07812863
    0.08672120
    0.03771545
    0.07406944
    0.06046702
    0.05990755
    0.06128676
    0.07721271
    0.15646193
    0.08724287
    0.08708373
    0.06666349
    0.12954779
    0.08743921
    0.08648766
    0.13201131
    0.08596889
    0.07042007
    0.13426391
    0.28640350
    0.19424113
    0.11374721
    0.09693216
    0.07921371
    0.08400065
    0.06027497
    0.20567273
    0.08199498
    0.09208443
    0.09456454
    0.05220550
    0.05879113
    0.05770567
    0.03690157
    0.07562635
    0.04304346
    0.04001729
    0.19118771
    0.08842553
    0.04742362
    0.07196251
    0.04102668
    0.04455290
    0.09301605
    0.05555332
    0.08165293
    0.21777659
    0.09855320
    0.03011874
    0.08797705
    0.10043527
    0.09895748
    0.36882966
    0.21274521
    0.08821760
    0.08465844
    0.06787856
    0.04532561
    0.21392607
    0.08568941
    0.08784362
    0.06309525
    0.05860626
    0.05134898
    0.04672009
    0.03877336
    0.06256263
    0.04821120
    0.06377044
    0.23103272
    0.09594710
    0.10272244
    0.06501918
    0.05335262
    0.05897246
    0.10013222
    0.09211624
    0.30582873
    0.22334179
    0.09045657
    0.07181728
    0.07816652
    0.07408294
    0.03986940
    0.04284775
    0.03042815
    0.03500736
    0.03609536
    0.04112200
    0.22185223
    0.08403667
    0.08702774
    0.06737665
    0.07721701
    0.06896474
    0.04806866
    0.05105434
    0.06850570
    0.24108536
    0.10780145
    0.11271762
    0.10760427
    0.18966777
    0.10850244
    0.08935666
    0.14025292
    0.10298808
    0.07607665
    0.10340589
    0.08117019
    0.03435719
    0.36043070
    0.19991991
    0.13047922
    0.11035812
    0.09423513
    0.10448576
    0.09379553
    0.26191828
   -0.23401942
    0.17956986
    0.16568816
    0.27269646
    0.21933929
    0.37282387
    0.25632138
    0.22113475
    0.09412581
    0.11212795
    0.21919923
    0.11537257
    0.08486816
    0.08675759
    0.09311890
    0.08682714
    0.05781259
    0.05001007
    0.05115469
    0.21446655
    0.11340272
    0.06035773
    0.07987320
    0.06968341
    0.13532879
    0.07330432
    0.11446978
    0.09237158
    0.23399984
    0.09649918
    0.05363178
    0.08930837
    0.05731786
    0.04196910
    0.09564822
    0.04378351
    0.28577244
    0.16234731
    0.07418719
    0.07120674
    0.30591712
    0.08526478
    0.09030158
    0.07692171
    0.09606341
    0.05292123
    0.06481820
    0.07077971
    0.08476748
    0.04937905
    0.08185759
    0.16476177
    0.12896934
    0.08542201
    0.07512001
    0.09240192
    0.06482059
    0.11863808
    0.05988997
    0.07405130
    0.09212768
    0.07548098
    0.05529958
    0.07539861
    0.20252350
    0.19816590
    0.22153823
    0.21704102
    0.19554042
    0.13121578
    0.35412042
    0.11691501
    0.08587703
    0.08746868
    0.32397549
    0.29563691
    0.28928443
    0.29821463
    0.29432059
    0.33237357
    0.27973425
    0.33058780
    0.27761185
    0.34792837
    0.31516357
    0.32105376
    0.30362279
    0.32239293
    0.33815701
    0.32157923
    0.32034842
    0.28205257
    0.32687041
    0.29928172
    0.29052248
    0.34416761
    0.31113675
    0.29768256
    0.36455236
    0.30768906
    0.32746446
    0.29725591
    0.33773621
    0.33384646
    0.29347120
    0.30661811
    0.27936042
    0.38729438
    0.31194890
    0.30280274
    0.30877218
    0.29605859
    0.31106717
    0.31012084
    0.29229649
    0.32779877
    0.31925944
    0.30787088
    0.31491272
    0.28513199
    0.33607708
    0.27964623
    0.30869415
    0.32899181
    0.31895249
    0.28607702
    0.30005333
    0.33438226
    0.33105527
    0.31434297
    0.34499462
    0.29041284
    0.32768861
    0.31633088
    0.30273976
    0.31181248
    0.33171660
    0.30761895
    0.31338236
    0.33740900
    0.30187078
    0.30387068
    0.15588479
    0.28097995
    0.33892423
    0.30479951
    0.39200989
    0.29768940
    0.33254319
    0.28403217
    0.37209769
    0.36926900
    0.27590164
    0.38968891
    0.44653618
    0.37133615
    0.40179831
    0.26978133
    0.29943127
    0.36023078
    0.30839723
    0.33647602
    0.29180870
    0.31481862
    0.33630427
    0.36941785
   -0.01474692
    0.39522088
    0.34180790
    0.29671508
    0.32706690
    0.34142323
    0.32438105
    0.31978544
    0.56986888
    0.28044461
    0.31206621
    0.30486009
    0.31597744
    0.30676881
    0.32812874
    0.27876230
    0.45601746
    0.30836352
    0.32491784
    0.29788587
    0.31246509
    0.28804890
    0.34220984
    0.33373015
    0.32595343
    0.32378101
    0.30021802
    0.30032460
    0.32351276
    0.30672018
    0.31897102
    0.37272421
    0.26216379
    0.32855102
    0.29392521
    0.32220688
    0.31086449
    0.29485865
    0.31635079
    0.27292666
    0.35556496
    0.29420413
    0.32609626
    0.34151190
    0.29811661
    0.41817247
    0.30158992
    0.32315512
    0.28059868
    0.30611691
    0.27119485
    0.34327441
    0.30046852
    0.31192963
    0.27969794
    0.32172477
    0.37323033
    0.25646844
    0.32086223
    0.29891940
    0.33129776
    0.27947820
    0.32361002
    0.31635726
    0.35654604
    0.28126734
    0.31854317
    0.33112782
    0.32313556
    0.32200408
    0.33099314
    0.33901238
    0.30961110
    0.34709803
    0.29682980
    0.31166649
    0.32412032
    0.31816278
    0.30214359
    0.34017401
    0.30135742
    0.36013479
    0.33285088
    0.32449466
    0.30867253
    0.32005509
    0.28401109
    0.33621115
    0.30458966
    0.30355552
    0.34274681
    0.26433878
    0.30887513
    0.30905306
    0.35562946
    0.30082647
    0.33182912
    0.30789532
    0.22107720
    0.31123618
    0.32214512
    0.35005691
    0.31103104
    0.33083422
    0.29058401
    0.32423980
    0.29856666
    0.32599247
    0.30929129
    0.31263711
    0.33025456
    0.30984979
    0.24437201
    0.30440550
    0.31903694
    0.32938219
    0.38060713
    0.28812886
    0.30011584
    0.33063805
    0.36241425
    0.31699799
    0.31715722
    0.27360146
    0.37832808
    0.27564622
    0.32272624
    0.38386183
    0.31669667
    0.29324128
    0.23148465
    0.30227545
    0.33135121
    0.28200267
    0.37104811
    0.28453092
    0.31571983
    0.28020456
    0.32868608
    0.33444692
    0.29223551
    0.28736484
    0.34711943
    0.14943665
    0.20742199
    0.44198107
    0.40739038
    0.20363333
    0.15543154
    0.30841653
    0.30114922
    0.29287144
    0.32291165
    0.31504270
    0.29772400
    0.40423285
    0.35248686
    0.27611444
    0.36834588
    0.39410713
    0.24258810
    0.30199705
    0.31823288
    0.31358115
    0.25016957
    0.34907154
    0.35499011
    0.29416015
    0.49506751
    0.38982831
    0.29155042
    0.34522691
    0.30913333
    0.30876227
    0.31753799
    0.24227612
    0.33115752
    0.34643502
    0.29897359
    0.29480559
    0.31543840
    0.39527506
    0.35328319
    0.29694731
    0.41062274
    0.29670991
    0.33565884
    0.29388246
    0.35371163
    0.30329868
    0.35469790
    0.18300367
    0.33214497
    0.31973210
    0.36874186
    0.33286165
    0.33403428
    0.25729457
    0.36630820
    0.31150076
    0.33375970
    0.45473598
    0.36875882
    0.32813126
    0.36794461
    0.30768485
    0.32493739
    0.41036189
    0.26674060
    0.36858203
    0.31058908
    0.29464318
    0.27544821
    0.33811791
    0.28508853
    0.31349098
    0.27373542
    0.31756980
    0.29819574
    0.29291071
    0.32647981
    0.26996668
    0.37271171
    0.29467996
    0.33232919
    0.37966574
    0.25934201
    0.31311325
    0.32788563
    0.35073720
    0.18254938
    0.29982283
    0.29323690
    0.33860884
    0.31857729
    0.34001275
    0.27952942
    0.33846510
    0.29953772
    0.30665055
    0.27629884
    0.29755688
    0.36459075
    0.40520009
    0.31562440
    0.31139543
    0.25940303
    0.35124726
    0.33008874
    0.31007304
    0.33188133
    0.34534401
    0.28452322
    0.35473871
    0.32927050
    0.32709822
    0.33167359
    0.33651792
    0.30026513
    0.35383951
    0.36443595
    0.31989330
    0.27055285
    0.30312312
    0.32510040
    0.33688305
    0.30261491
    0.26912287
    0.23194831
    0.33391897
    0.23395047
    0.34349815
    0.25414181
    0.31593627
    0.29471569
    0.35220007
    0.28265375
    0.31410395
    0.30838804
    0.32267396
    0.30452093
    0.33819314
    0.27915255
    0.32904686
    0.32289265
    0.28147210
    0.30735053
    0.23090737
    0.31761895
    0.31073930
    0.35209522
    0.34054113
    0.38972156
    0.34701760
    0.26742533
    0.30955557
    0.28903849
    0.44889389
    0.32351988
    0.32688289
    0.32501407
    0.26022755
    0.27886948
    0.35054619
    0.25258815
    0.31577669
    0.32097076
    0.33293923
    0.32898358
    0.32005660
    0.29216882
    0.31188977
    0.30516015
    0.35252844
    0.31777287
    0.30323262
    0.39251623
    0.35172878
    0.33470837
    0.28477055
    0.40462181
    0.33679751
    0.32184042
    0.27368322
    0.28559135
    0.26510053
    0.31033737
    0.43126692
    0.29283333
    0.33311759
    0.29633683
    0.35794542
    0.29915123
    0.33126187
    0.24789872
    0.27726247
    0.26480615
    0.34872162
    0.33170173
    0.30421203
    0.41156458
    0.29416654
    0.31339510
    0.27387748
    0.32529699
    0.37493869
    0.27030233
    0.30045449
    0.32605556
    0.27975524
    0.36327939
    0.29226325
    0.30941583
    0.34032027
    0.28014736
    0.31680167
    0.31243803
    0.30034838
    0.52887320
    0.28252704
    0.32236635
    0.27501488
    0.31300031
    0.32107151
    0.29398137
    0.29674249
    0.36414242
    0.31749821
    0.30898070
    0.25071870
    0.24475423
    0.32010590
    0.28566526
    0.30521603
    0.32882845
    0.42738555
    0.33127563
    0.25821431
    0.29758014
    0.33949506
    0.37102222
    0.33927454
    0.22950926
    0.28390662
    0.36854588
    0.33689820
    0.37860159
    0.26980469
    0.33574255
    0.30055207
    0.44519031
    0.27232948
    0.33615375
    0.31888269
    0.29193134
    0.26040593
    0.33069188
    0.25042270
    0.25298887
    0.30796416
    0.31320009
    0.34000962
    0.31864848
    0.31378947
    0.31898480
    0.30515232
    0.27924111
    0.28049122
    0.42518060
    0.33318433
    0.31463348
    0.26904932
    0.42125269
    0.25523202
    0.27580083
    0.34935105
    0.40246067
    0.26961395
    0.35002225
    0.32314160
    0.22691330
    0.34294456
    0.27950670
    0.27815408
    0.40469745
    0.32614014
    0.28665189
    0.34501864
    0.28976655
    0.27504056
    0.34542807
    0.26981957
    0.34088987
    0.40316366
    0.30228187
    0.31956542
    0.44010593
    0.32884281
    0.24128522
    0.30784428
    0.31687810
    0.36235967
    0.28996596
    0.37364570
    0.27679669
    0.27517544
    0.33116355
    0.32020758
    0.34409095
    0.30586315
    0.32748209
    0.30505928
    0.30763850
    0.33602946
    0.29667323
    0.38637367
    0.32888070
    0.30419588
    0.28866008
    0.35176856
    0.22459584
    0.31045831
    0.32281228
    0.30279838
    0.42696809
    0.28762477
    0.34836861
    0.27090705
    0.27919798
    0.33145422
    0.25439527
    0.25623619
    0.36031189
    0.31971445
    0.26659400
    0.32444324
    0.32689939
    0.33657682
    0.30779798
    0.33577845
    0.25424559
    0.30268348
    0.32925806
    0.30812180
    0.31874885
    0.29655728
    0.33952618
    0.30256914
    0.32773187
    0.36206478
    0.27805769
    0.31705943
    0.31027096
    0.37017302
    0.26584347
    0.32936646
    0.32654356
    0.31405814
    0.31959733
    0.30525472
    0.36789013
    0.30674860
    0.30338052
    0.33268587
    0.30904336
    0.30092462
    0.30018706
    0.30667969
    0.30079547
    0.31953149
    0.31838891
    0.29580560
    0.31063904
    0.33197677
    0.27611144
    0.31133588
    0.30285561
    0.33313937
    0.32656852
    0.23474931
    0.32341629
    0.31316975
    0.31488473
    0.32536362
    0.31850028
    0.34510615
    0.29363593
    0.34090029
    0.31451625
    0.30245006
    0.28788919
    0.32231371
    0.32197274
    0.32102383
