           1           2   1.0155235494807120     
           2           3  0.95319540672756720     
           3           4   1.6179774164312801     
           3           5   1.3175158946040577     
           4           5  0.19577109867032255     
           5           6  0.95111371796770794     
           6           7  0.97388859451370791     
           7           8   1.5880960043381855     
           6           9  0.95074510314471872     
           9          10  0.98789976665927060     
           9          11   1.0133837663203444     
          10          12   1.0164266558830342     
           7          13   1.3057702811347831     
           8          13  0.19183484610043700     
          13          14  0.97166995004515477     
          14          15  0.92662441083961467     
          15          16   1.6826097145601395     
          14          17  0.96403666903317331     
          17          18   1.0074961210134448     
          17          19   1.0044000690790111     
          15          20   1.2672299963365159     
          16          20  0.19690418726548392     
          20          21  0.96417728663644975     
          21          22  0.95594222143434660     
          22          23   1.5933690508240796     
          21          24  0.97366622013015425     
          24          25   1.0030997275115825     
          25          26  0.97045957921215953     
          26          27   1.2210272592742895     
          26          28   1.6696058532743190     
          27          28  0.15596864824587903     
          22          29   1.3264323753327729     
          23          29  0.20326781654220630     
          29          30  0.97215826195036803     
          30          31  0.94809274982657088     
          31          32   1.6403166301280938     
          30          33  0.97882652165124173     
          33          34  0.99899276731743525     
          34          35  0.96907075684434418     
          35          36   1.6811082466661795     
          35          37   1.2708018612108734     
          36          37  0.19832087114890920     
          31          38   1.2802019477923083     
          32          38  0.19914958483549192     
          38          39  0.98422973870539421     
          39          40  0.93601241220167419     
          40          41   1.6184526200908920     
          39          42  0.97414691120775343     
          42          43  0.98293775056281096     
          40          44   1.3285040969550588     
          41          44  0.20208837687364478     
          44          45  0.96304213377634917     
          45          46  0.89402946810053940     
          46          47   1.6578485546443718     
          45          48  0.98702131841091900     
          48          49   1.0027139752223904     
          46          50   1.3408379797087431     
          47          50  0.20325155291390817     
          50          51  0.95836958834628494     
          51          52  0.94469706253138197     
          52          53   1.6760874552752341     
          51          54  0.95487878789676495     
          54          55  0.97844723192859839     
          54          56  0.99854832400866567     
          52          57   1.2681763640415198     
          53          57  0.20338587796392352     
          57          58  0.98753383703002684     
          58          59  0.92930420882701836     
          59          60   1.7102001031561198     
          58          61  0.97117171867968244     
          61          62   1.0020329749495209     
          59          63   1.2404730303085225     
          60          63  0.19788175863773647     
          63          64  0.98911702143807145     
          64          65  0.93622486475612809     
          65          66   1.6681826225026291     
          64          67  0.94131253015161886     
          67          68  0.99590432181983246     
          67          69   1.0067818339376091     
          68          70   1.0124872063032537     
          65          71   1.2664525003080747     
          66          71  0.19117496315954599     
          71          72  0.98653580609161606     
          72          73  0.95261634850315335     
          73          74   1.6449210507231566     
          72          75  0.98282968373892377     
          43          76   1.2049018399564781     
          75          76  0.96899228610447619     
          73          77   1.2905677683732970     
          74          77  0.19636021128397849     
          77          78  0.99461301298636617     
          78          79  0.95517219697523581     
          79          80   1.6344748939202176     
          78          81  0.95725707538567650     
          81          82  0.99731876047008583     
          79          83   1.2755583690713670     
          80          83  0.19771721097053774     
          83          84  0.95396586225575541     
          84          85  0.94826864239239528     
          85          86   1.6449468790027459     
          84          87  0.97863060056859030     
          87          88  0.98370700748187767     
          88          89   1.0008770436562924     
          88          90   1.0154379549730859     
          85          91   1.2868385818532764     
          86          91  0.19142542034055721     
          91          92  0.94609626496567190     
          92          93  0.96220056814049693     
          93          94   1.6448621636703622     
          92          95  0.96697783537310822     
          95          96  0.99817294189782102     
          96          97   1.3820166841566646     
          96          98   1.4640205885362956     
          97          99   1.4707274198461582     
          98          99  0.11991481637491817     
          97         100  0.11270876640350337     
          98         100   1.3723448295681910     
          99         101   1.3519922587114854     
         100         101   1.4459997177862440     
         101         102   1.0277949915579165     
          93         103   1.2789296175824665     
          94         103  0.20122858063778176     
         103         104  0.95673195223204555     
         104         105  0.94452512977915759     
         105         106   1.6125404599860729     
         104         107   1.0104123955044229     
         107         108   1.8420888641421256     
         108         109   1.0170140127188416     
         109         110   1.6297478464794624     
         109         111   1.2717048928118622     
         110         111  0.19483246269678084     
         105         112   1.3218086362133303     
         106         112  0.20570295615869083     
         112         113  0.95843304241730909     
         113         114  0.93259818269626571     
         114         115   1.5893440973254258     
         113         116  0.98955613822197930     
         116         117  0.98896533709562418     
         117         118   1.0036053291802776     
         117         119   1.0136763744375494     
         114         120   1.3487040436314932     
         115         120  0.19656428253101768     
         120         121  0.96003391712829589     
         121         122  0.93902288593617933     
         122         123   1.6285679893123592     
         121         124  0.98777767908694536     
         124         125  0.98657550012954998     
         125         126  0.94800841406477920     
         126         127   1.2748154935740581     
         126         128   1.6655130133867742     
         127         128  0.16796639760608564     
         122         129   1.3081558011166403     
         123         129  0.20044508223011070     
         129         130  0.96934161170394217     
         130         131  0.95066556130953017     
         131         132   1.6115639317493526     
         130         133  0.98410144974353342     
         133         134  0.95287827548928361     
         134         135   1.6870910747525452     
         134         136   1.2784049089153835     
         135         136  0.19446888255805986     
         131         137   1.3221192732168461     
         132         137  0.19844200263045195     
         137         138  0.98276759843383399     
         138         139  0.95371593340204353     
         139         140   1.5685846140809694     
         138         141  0.95554876786473808     
         141         142   1.0051036972185055     
         142         143   1.3880287332896886     
         142         144   1.4351975021998666     
         143         145   1.4661990185790437     
         144         145  0.10499938347706016     
         143         146  0.11244086397576809     
         144         146   1.4221149988244874     
         145         147   1.3644811419760339     
         146         147   1.3854180243774874     
         147         148   1.0491172378978275     
         139         149   1.3634290691921038     
         140         149  0.19267927235025969     
         149         150  0.97224055472203341     
         150         151  0.89465682972205596     
         151         152   1.6923102040445039     
         150         153   1.0001945315457030     
         153         154  0.97725825433007063     
         151         155   1.3024416571890116     
         152         155  0.20001994197578982     
         155         156  0.95504262857685962     
         156         157  0.91426469795894683     
         157         158   1.7095736085940798     
         156         159  0.97559025289209267     
         159         160  0.97395510854483569     
         160         161   1.6689101364161374     
         160         162   1.2801971114970410     
         161         162  0.20146556944537841     
         157         163   1.2539140676728397     
         158         163  0.17418346295484177     
           1         164  0.96339117954891074     
           1         165  0.81997330972001325     
           2         166  0.95739033489042913     
           2         167  0.97031515586992167     
           5         168  0.93288812464493309     
           6         169  0.91018067126578583     
           9         170  0.96097022572308077     
          10         171  0.97380565250431717     
          10         172  0.97432715224093269     
          11         173  0.98419584009066974     
          11         174  0.98376504049816482     
          11         175  0.97871491870771954     
          12         176  0.95168881146886319     
          12         177  0.98559113976013413     
          12         178  0.98885884647879785     
          13         179  0.92634725587124478     
          14         180  0.95177889225296675     
          17         181  0.96735377432711733     
          18         182  0.98714464311205330     
          18         183  0.98448433119027534     
          18         184  0.98326473048311414     
          19         185  0.98580145704958855     
          19         186  0.98363308690933127     
          19         187  0.97956889783977397     
          20         188  0.92047496323339606     
          21         189  0.95252388013449818     
          24         190  0.97241059726228374     
          24         191  0.96609251436760701     
          25         192  0.94453026350482805     
          25         193  0.96453153343290920     
          27         194  0.70154894762560405     
          29         195  0.89531062079901225     
          30         196  0.94948610288743762     
          33         197  0.97127985187747656     
          33         198  0.97079837816118331     
          34         199  0.96123146589708086     
          34         200  0.95717673350088095     
          37         201  0.93748832496583590     
          37         202  0.93075770990556295     
          38         203  0.90428802800735952     
          39         204  0.94989762236476138     
          42         205  0.96533844219204168     
          42         206  0.97146808936299045     
          44         207  0.92410380539435100     
          45         208  0.95887125149881580     
          48         209  0.96803111680747289     
          48         210  0.97309418729765040     
          50         211  0.88444215939578896     
          51         212  0.94931566040338444     
          54         213  0.96624572245747142     
          55         214  0.89250753298104313     
          56         215  0.98551451381852928     
          56         216  0.98267010870373772     
          56         217  0.98494355393891342     
          57         218  0.91748686707873617     
          58         219  0.94150080588637075     
          61         220  0.96796129497366579     
          61         221  0.96911810742258853     
          62         222  0.86651921782334229     
          63         223  0.90295072935148157     
          64         224  0.94428084429536197     
          67         225  0.96846785662603674     
          68         226  0.98130127219702379     
          68         227  0.98030248458905478     
          69         228  0.98608213680393941     
          69         229  0.98362749926998339     
          69         230  0.97963612065095795     
          70         231  0.99062737150319691     
          70         232  0.98707691749310333     
          70         233  0.98398467567332148     
          71         234  0.92140327362540153     
          72         235  0.93229525413739278     
          75         236  0.97111552091813191     
          75         237  0.96781681944023079     
          77         238  0.90088326866023294     
          78         239  0.94389100868534048     
          81         240  0.96936782526222232     
          81         241  0.96730073186510201     
          82         242  0.86452635086827667     
          83         243  0.93363300262730564     
          84         244  0.94097465179232176     
          87         245  0.97822052576298379     
          87         246  0.96855034054956390     
          88         247  0.97270954478593907     
          89         248  0.98654507993904028     
          89         249  0.98845737144524770     
          89         250  0.98486183072468936     
          90         251  0.98473107221483236     
          90         252  0.98333786991255712     
          90         253  0.98147349607474332     
          91         254  0.92000966864253486     
          92         255  0.94882543811598052     
          95         256  0.97229495549560030     
          95         257  0.96530225592288588     
          97         258  0.97141478985375662     
          98         259  0.97193781244918431     
          99         260  0.96912814601404884     
         100         261  0.96821135685535276     
         102         262  0.89186505812959516     
         103         263  0.90704280969822748     
         104         264  0.92961930408707916     
         107         265  0.97112676803381137     
         108         266  0.96645580727285041     
         111         267  0.94597101916745263     
         111         268  0.93174814019717112     
         112         269  0.91699624712169170     
         113         270  0.94112988127385433     
         116         271  0.96860823280868469     
         116         272  0.96872217918051462     
         117         273  0.96639075190953605     
         118         274  0.98592703536685733     
         118         275  0.98645586427907017     
         118         276  0.98580049226306143     
         119         277  0.98550476211229676     
         119         278  0.98043434456753598     
         119         279  0.97555997809004591     
         120         280  0.91574491948005576     
         121         281  0.94185033852891775     
         124         282  0.96693447370478036     
         124         283  0.96578817831257968     
         125         284  0.97398124686240473     
         125         285  0.96771898531646650     
         127         286  0.84095604323968343     
         129         287  0.90941500862593072     
         130         288  0.93757098910017023     
         133         289  0.95201806389109711     
         133         290  0.96865091630424838     
         136         291  0.94051232819560437     
         136         292  0.94480511289483549     
         137         293  0.89522514435382361     
         138         294  0.93699186063293771     
         141         295  0.96996272659519667     
         141         296  0.97143041285962373     
         143         297  0.97166765903925634     
         144         298  0.96629062304510260     
         145         299  0.96957860455053124     
         146         300  0.97085590817980716     
         148         301  0.88906420102912620     
         149         302  0.91122096350678006     
         150         303  0.95653557979463133     
         153         304  0.97455554851386117     
         153         305  0.97457748458400761     
         155         306  0.92546301811417908     
         156         307  0.95386165591630112     
         159         308  0.94758250305261105     
         159         309  0.94611287982516912     
         162         310  0.94116688569513007     
         162         311  0.93851148585435229     
         163         312  0.83886535683616681     
          49         313  0.95060611917964555     
         154         314  0.95187529875024768     
